2724607982924
2724636686312
2724670761389
2724607897426
2724599675194
2724597248130
2724600594117
2724665421823
2724619826070
2724565168071
2724645623384
2724663355502
2724650041821
2724598246012
2724649336518
2724651405745
2724681324597
2724607192118
2724681322227
2724607218412
2724624850091
2724641286880
2724641275587
2724629310804
2724645392891
2724648944028
2724673076763
2724633329632
2724599380197
2724666986086
2724651659742
2724680386077
2724675528680
2724694283010
2724607248037
2724620695368
2724607318297
2724676038454
2724620595071
2724612011619
2724651516977
2724646141801
2724595704119
2724650079794
2724638546638
2724645392860
2724626287314
2724648894095
2724641295356
2724667323286
2724641944353
2724599255099
2724603411367
2724511243661
2724651160897
2724670071969
2724694330066
2724612011664
2724607975377
2724630513249
2724669245814
2724682185524
2724627445072
2724666066337
2724600584439
2724611199943
2724633813643
2724633805433
2724670740742
2724631797877
2724648509654
2724651169340
2724641276461
2724646471793
2724645623360
2724682185531
2724646155419
2724599377876
2724599211163
2724645324328
2724643139122
2724603574482
2724682264021
2724673094798
2724670748182
2724670770404
2724600561751
2724629622938
2724637471269
2724607297318
2724680386046
2724604815782
2724675180628
2724599673572
2724680386138
2724680386381
2724585565201
2724680386398
2724637470613
2724680386367
2724608407099
2724641277741
2724611714955
2724651155763
2724643139085
2724597224899
2724670064466
2724616824512
2724639564020
2724650712912
2724651156524
2724646141894
2724692835914
2724602718917
2724682522626
2724650586940
2724645330282
2724594351505
2724637469600
2724664498512
2724666975882
2724650068965
2724716844595
2724678527215
2724646633108
2724636144652
2724650573568
2724600892176
2724696284503
2724611621413
2724694283096
2724646141634
2724611430237
2724682262133
2724611199981
2724651155688
2724646155457
2724648507421
2724648883402
2724627985547
2724626795345
2724647126616
2724680386008
2724616971001
2724680386237
2724655674314
2724651156647
2724641270346
2724663331421
2724596902316
2724631797716
2724677894486
2724622918861
2724675180598
2724626408061
2724682166035
2724646157147
2724603740535
2724619818860
2724607199377
2724611369438
2724650715333
2724665397920
2724619812226
2724651154742
2724638547833
2724669245937
2724598791864
2724606741621
2724648894699
2724599674487
2724663700661
2724626381203
2724604725388
2724616423548
2724647124797
2724672882754
2724649975892
2724650706300
2724676274593
2724649328841
2724666975936
2724688300914
2724605214010
2724629999658
2724665880033
2724682101425
2724688298020
2724641517618
2724607070454
2724626587117
2724682068704
2724651407282
2724307558481
2724612009708
2724626406913
2724607961523
2724691756135
2724688293339
2724682101692
2724688260881
2724620380400
2724677291742
2724681322050
2724607287357
2724655674482
2724688272587
2724675504080
2724670065586
2724599675576
2724599195043
2724687762737
2724647118277
2724688261116
2724688274772
2724646142327
2724676987493
2724688272136
2724629622730
2724615909845
2724688293728
2724650070098
2724645277730
2724603595869
2724651156715
2724608406290
2724688261284
2724677892338
2724605501189
2724620695528
2724607952057
2724616825151
2724599007247
2724655935972
2724676274630
2724650588562
2724626285693
2724648519158
2724620651500
2724629007148
2724688261031
2724616823898
2724649328568
2724663331971
2724605604415
2724616971223
2724688294053
2724680386251
2724676994897
2724623492575
2724688265428
2724678882215
2724598995507
2724595087915
2724681324641
2724646623826
2724641922757
2724688272341
2724688293865
2724599114990
2724681324672
2724627913366
2724688294312
2724627458782
2724651662247
2724675180666
2724665880347
2724611636431
2724594841112
2724638867351
2724637467033
2724340054896
2724672916909
2724616970851
2724669064590
2724677894776
2724599993267
2724627424237
2724602801589
2724688293964
2724666405501
2724651463745
2724666976155
2724296204468
2724665809706
2724680397547
2724651469556
2724682263918
2724675180611
2724646166767
2724599115133
2724611232589
2724682068742
2724612043054
2724616970875
2724682264601
2724649699040
2724682069404
2724672851897
2724646834024
2724611605482
2724655955499
2724688293667
2724678880273
2724624874295
2724602239672
2724681324733
2724641270308
2724607301046
2724626812752
2724682105096
2724687762713
2724639585285
2724626256709
2724617783405
2724612397898
2724651156692
2724629979681
2724676987349
2724651406896
2724658672942
2724603440411
2724643531919
2724677290868
2724607414524
2724677287103
2724611238369
2724637745551
2724667327437
2724680385995
2724607371230
2724665408787
2724611368837
2724677892567
2724634710569
2724627653811
2724606264137
2724688300310
2724585568325
2724636680594
2724663355366
2724649345695
2724626358625
2724641286781
2724595707363
2724679601594
2724602336227
2724665399429
2724675180581
2724687762584
2724670066750
2724628629396
2724612011756
2724688260683
2724598995620
2724599042224
2724611268243
2724636479976
2724694282969
2724665410025
2724594841211
2724646629774
2724616285818
2724631034484
2724688297962
2724676035385
2724629007124
2724702116361
2724688260966
2724611424441
2724682185104
2724585607116
2724628626876
2724298514794
2724676981989
2724603629755
2724688266012
2724682107069
2724676981354
2724688300174
2724688293629
2724633805525
2724677895957
2724635677526
2724638544269
2724677002263
2724628590214
2724612009746
2724687762638
2724688298273
2724688260867
2724682104853
2724651496682
2724652382786
2724666975837
2724682264434
2724682263871
2724626588664
2724682264588
2724669245869
2724627455354
2724681324719
2724599042002
2724666975905
2724627066123
2724670740391
2724655937600
2724677896114
2724605590671
2724651800724
2724607965743
2724588553410
2724629623041
2724626558575
2724651156593
2724595116592
2724679437445
2724650068866
2724666975738
2724627431426
2724626558513
2724604739804
2724675602199
2724598799969
2724606278998
2724644132672
2724679605592
2724678878973
2724663700678
2724641274689
2724601743224
2724622471014
2724626248988
2724602338405
2724629193988
2724655937396
2724647122205
2724650573285
2724676274586
2724666946899
2724595114925
2724564860631
2724637070844
2724626558537
2724677896008
2724611545986
2724646155273
2724676256322
2724607068321
2724666975783
2724607965279
2724627426859
2724646624649
2724612041029
2724636874092
2724672521233
2724627986285
2724605563644
2724646155389
2724675509634
2724666741579
2724675547759
2724604737848
2724672870980
2724666741319
2724637739291
2724599673480
2724596935253
2724603439606
2724597193973
2724623487052
2724602703555
2724666976223
2724604659386
2724676021098
2724648574584
2724442319404
2724658604943
2724646155365
2724649381075
2724650579270
2724639581928
2724672870881
2724640299447
2724648894958
2724600224175
2724648894491
2724648576205
2724663648994
2724670099314
2724669064514
2724649345831
2724669281034
2724663355779
2724650029621
2724655673829
2724650587879
2724650032652
2724666986680
2724650071569
2724666986321
2724694311966
2724611430244
2724640298983
2724627915247
2724651154834
2724669064552
2724639583045
2724658593148
2724633048335
2724646635133
2724682185241
2724676995245
2724688266098
2724680386091
2724636683908
2724676990691
2724688300730
2724616422138
2724645368896
2724642596315
2724601761501
2724658593209
2724677873993
2724680386510
2724646836431
2724675181267
2724687762805
2724607381420
2724651155077
2724676988087
2724677002669
2724682107083
2724650574961
2724604939815
2724608406252
2724650580320
2724649325437
2724663330929
2724651409910
2724652371001
2724604660702
2724604730542
2724676997379
2724688293490
2724691713541
2724688260607
2724658596286
2724680385957
2724646836363
2724612039743
2724688300082
2724669245753
2724688261086
2724676987660
2724677896565
2724651414907
2724631310496
2724616285740
2724626245802
2724602703036
2724628287596
2724651156500
2724677001440
2724688300662
2724655955703
2724676997645
2724638095648
2724687765974
2724679447659
2724677894615
2724646169713
2724688293995
2724688274666
2724658841652
2724676988476
2724687766162
2724688297818
2724677894578
2724650029553
2724687766216
2724677896077
2724682876934
2724636673169
2724670773054
2724633106042
2724651516090
2724675181281
2724682877832
2724675181236
2724675180604
2724675181212
2724636676092
2724650575029
2724601862826
2724675076235
2724688274758
2724676997768
2724676981705
2724682074071
2724687766063
2724663768234
2724676994835
2724676987851
2724676990905
2724677002966
2724688293858
2724688300785
2724688265749
2724677002133
2724682185760
2724675181205
2724645623353
2724675508859
2724597316143
2724607203005