28.5
60
45
109
18
60.8
155
204
37
39
111
39
26
43.89
45
703
45
95
39
40
28.99
104.99
99.9
46.99
58
35
25
38.99
25
81
14.99
45.99
58
112.08
28.69
32.15
99
31
50
14.85
29
29
39
71.98
31.99
99
49
90.6
22.84
99
13.05
109
58
119
75
105
26
58
30
48.99
36
55.1
31
45
32.57
97.22
39
31.44
21.65
29
29
115
115
104.44
35
25
106
99.36
102.45
45
82.35
75
87.04
96
29.21
35
61.91
9.9
105
32
21
39
35
39
45
29
29.21
35
25
32
31.99
163
50
15
39
111.99
14.87
19.67
29.9
25
16.3
19
44.98
24
84.06
118.5
169
36
80
63.68
15
103.68
35
249
32
49
62
180
60.8
35
35
32
35
52.99
26
157.99
35
119
36
112
58
30
23
114.99
29
25
35
85
78
59
35
34
33
194
34.87
408
19.96
39
31
32
35
16
114.99
114.94
111.99
89
12.85
35