2724612009661
2724669245906
2724692869049
2724680386503
2724599192295
2724651676596
2724617779811
2724649328827
2724649345220
2724675078598
2724633105830
2724670046073
2724628590696
2724599989321
2724643139115
2724611618512
2724651198265
2724600477380
2724631797815
2724648894439
2724675535237
2724616825625
2724650076892
2724600573143
2724595804031
2724652370622
2724675740938
2724651673878
2724675754614
2724663700647
2724675747548
2724641946791
2724465734093
2724446070127
2724628257049
2724635680991
2724607212342
2724611533570
2724638536097
2724620378841
2724651416956
2724651155787
2724675080652
2724606107373
2724665778088
2724599934253
2724675219533
2724598284434
2724642481529
2724655762134
2724644179196
2724750214668
2724595769934
2724629622594
2724620648296
2724646635157
2724737355254
2724743920965
2724738279863
2724742760098
2724636680945
2724648918708
2724622841770
2724675491731
2724636208637
2724682101821
2724651666559
2724607291118
2724542001759
2724650061836
2724648936016
2724688272457
2724663774389
2724607301350
2724675491717
2724675220393
2724655763049
2724651216976
2724677874075
2724644132665
2724642535147
2724622845259
2724676994576
2724651662636
2724675048409
2724651417786
2724630338507
2724628629938
2724646638639
2724651810136
2724598647192
2724651418561
2724651490130
2724622513103
2724678884028
2724605211477
2724675048461
2724679585801
2724675234000
2724651688247
2724650068897
2724602024865
2724650016164
2724627417079
2724599252548
2724682107229
2724627413019
2724604672293
2724675497139
2724675749153
2724650578921
2724611423956
2724651405660
2724675493186
2724607414661
2724675996212
2724666741203
2724636680723
2724602239092
2724667343314
2724599195647
2724677874242
2724665778040
2724616890876
2724611430220
2724598123795
2724635362682
2724595089285
2724652376808
2724651418967
2724651410268
2724651816886
2724651494879
2724623523118
2724675753631
2724671160556
2724665801762
2724645630641
2724743414648
2724691715231
2724458301882
2724675048430
2724675496668
2724688272402
2724651161184
2724675232297
2724608406276
2724647118123
2724678530741
2724671130689
2724651818613
2724631034392
2724602702046
2724646169850
2724682167117
2724606780576
2724627458058
2724651406971
2724604734564
2724651982475
2724651410497
2724650575678
2724682101647
2724688272372
2724676981545
2724599216458
2724627413002
2724604665530