28.50
60.00
45.00
95.00
18.00
32.00
155.00
204.00
37.00
39.00
38.79
39.00
26.00
43.90
45.00
19.00
45.00
95.00
39.00
16.00
29.00
105.00
30.55
47.00
58.00
35.00
25.00
39.00
25.00
81.00
25.00
49.56
58.00
121.00
30.00
32.16
28.00
31.00
50.00
19.98
29.00
29.00
39.00
72.00
32.00
99.00
25.00
90.60
25.00
99.00
15.00
0
58.00                             
119.00                             
0
0
26.00                             
58.00                             
0
49.00                             
36.00
29.00
31.00
19.90
32.60
108.70                             
39.00
31.45
20.00
29.00
29.00
115.00
0
112.00
19.90
25.00
106.00
107.00
102.45                             
45.00
82.29
75.00
97.25                             
0
30.00
35.00
68.00
19.00
0
32.00
21.00
39.00
35.00
39.00
45.00                             
29.00
30.00
35.00
25.00
32.00
36.00
163.00
50.00
15.86
39.00
112.00                             
15.00
19.69
29.90
25.00
16.30
27.00
45.00
24.00
91.00
138.00                             
169.00                             
36.00
75.96
67.00
37.99
103.68
35.00
249.00
32.00
49.00
72.96
150.00
32.00
35.00
35.00
32.00
35.00
53.00
26.00
158.00
35.00
119.00                             
0
0
58.90
30.00
23.00
115.00
29.00
25.00
35.00
85.00                             
78.00                             
59.00
35.00
34.00
33.00
194.00
34.90
209.00
19.98
39.00
31.00
32.00
35.00
16.00
115.00                             
114.95
112.00
89.00
18.99
35.00