28.50
60.00
45.00
109.00
18.00
60.79
155.00
204.00
36.99
39.00
110.99
39.00
25.99
43.89
44.99
703.00
44.99
95.00
39.00
20.02
28.98
104.99
99.89
46.99
230.00
34.99
25.00
38.99
25.00
81.00
14.99
45.99
58.00
112.08
27.11
32.14
98.99
31.00
50.00
14.85
29.00
29.00
39.00
71.98
31.98
99.00
49.00
90.60
22.84
99.00
13.05
109.00
230.00
118.99
75.00
105.00
26.00
58.00
30.00
48.99
36.00
55.09
31.00
45.00
32.56
97.22
39.00
31.43
21.65
28.99
28.99
115.00
115.00
104.44
35.00
25.00
106.00
99.35
102.45
45.00
82.35
75.00
87.04
96.00
29.21
35.00
61.90
9.90
105.00
32.00
21.00
39.00
35.00
39.00
44.99
29.00
29.21
35.00
25.00
32.00
31.98
163.00
50.00
15.00
39.00
111.99
14.87
19.66
29.90
25.00
16.30
19.00
44.98
24.00
84.06
118.00
169.00
36.00
80.00
63.67
14.99
103.68
35.00
249.00
32.00
49.00
62.00
180.00
60.79
35.00
35.00
32.00
35.00
52.99
26.00
157.98
35.00
118.99
36.00
112.00
58.00
30.00
23.00
114.99
29.00
25.00
35.00
84.99
78.00
59.00
35.00
34.00
33.00
194.00
34.87
407.99
19.94
39.00
31.00
32.00
35.00
16.00
114.99
114.94
111.99
89.00
12.85
34.99
